# DESCRIPTION: Verilator output: Timestamp data for --skip-identical.  Delete at will.
C "-O3 --trace --trace-max-array 128 --unroll-count 128 -Wall -Wno-WIDTH -Wno-UNUSED -Wno-BLKSEQ -Wno-fatal --Wno-lint --cc --autoflush --dump-treei 9 --trace --exe top.sv sim_top.cpp"
S   9544488  3281016  1600525442   857735308  1600525442   857735308 "/home/james/verilator/bin/verilator_bin"
T   1317643  5921158  1600703595   678710357  1600703595   678710357 "obj_dir/Vtop.cpp"
T     18275  5921155  1600703595   634710347  1600703595   634710347 "obj_dir/Vtop.h"
T      1761  5921161  1600703595   678710357  1600703595   678710357 "obj_dir/Vtop.mk"
T       281  5918718  1600703589   830709127  1600703589   830709127 "obj_dir/Vtop_001_linkcells.dot"
T     17754  5918719  1600703589   834709126  1600703589   834709126 "obj_dir/Vtop_002_cells.tree"
T     17439  5918720  1600703589   834709126  1600703589   834709126 "obj_dir/Vtop_003_linkparse.tree"
T     17435  5918724  1600703589   834709126  1600703589   834709126 "obj_dir/Vtop_004_prelinkdot.tree"
T     17948  5918725  1600703589   838709127  1600703589   838709127 "obj_dir/Vtop_005_prelinkdot-find.tree"
T     17505  5918726  1600703589   838709127  1600703589   838709127 "obj_dir/Vtop_006_prelinkdot-param.tree"
T     19578  5918727  1600703589   842709128  1600703589   842709128 "obj_dir/Vtop_007_linkdot.tree"
T     22858  5918728  1600703589   842709128  1600703589   842709128 "obj_dir/Vtop_008_linkresolve.tree"
T     22835  5918729  1600703589   842709128  1600703589   842709128 "obj_dir/Vtop_009_linklvalue.tree"
T     22835  5918730  1600703589   842709128  1600703589   842709128 "obj_dir/Vtop_010_link.tree"
T     22835  5918731  1600703589   846709129  1600703589   846709129 "obj_dir/Vtop_011_linkInc.tree"
T    213630  5918732  1600703589   850709130  1600703589   850709130 "obj_dir/Vtop_012_param.tree"
T    213214  5918733  1600703589   858709132  1600703589   858709132 "obj_dir/Vtop_013_prelinkdot.tree"
T    233224  5918734  1600703589   866709133  1600703589   866709133 "obj_dir/Vtop_014_prelinkdot-find.tree"
T    233224  5918735  1600703589   874709135  1600703589   874709135 "obj_dir/Vtop_015_prelinkdot-param.tree"
T    213214  5918736  1600703589   878709136  1600703589   878709136 "obj_dir/Vtop_016_paramlink.tree"
T    213379  5918737  1600703589   886709138  1600703589   886709138 "obj_dir/Vtop_017_deadModules.tree"
T    319698  5918755  1600703589   898709140  1600703589   898709140 "obj_dir/Vtop_018_width.tree"
T    313373  5919158  1600703589   906709142  1600703589   906709142 "obj_dir/Vtop_019_widthcommit.tree"
T    196997  5919179  1600703589   914709144  1600703589   914709144 "obj_dir/Vtop_020_const.tree"
T    196796  5919544  1600703589   918709145  1600703589   918709145 "obj_dir/Vtop_021_assertpre.tree"
T    196796  5919545  1600703589   922709145  1600703589   922709145 "obj_dir/Vtop_022_assert.tree"
T    199331  5919546  1600703589   930709147  1600703589   930709147 "obj_dir/Vtop_023_wraptop.tree"
T    198981  5919547  1600703589   934709148  1600703589   934709148 "obj_dir/Vtop_024_const.tree"
T    198972  5920282  1600703589   938709149  1600703589   938709149 "obj_dir/Vtop_025_split_var.tree"
T    198972  5920943  1600703589   946709151  1600703589   946709151 "obj_dir/Vtop_026_split_var.tree"
T    198972  5921063  1600703589   950709151  1600703589   950709151 "obj_dir/Vtop_027_dearray.tree"
T    198972  5921064  1600703589   954709152  1600703589   954709152 "obj_dir/Vtop_028_prelinkdot.tree"
T    215702  5921065  1600703589   962709154  1600703589   962709154 "obj_dir/Vtop_029_prelinkdot-find.tree"
T    198972  5921066  1600703589   966709155  1600703589   966709155 "obj_dir/Vtop_030_linkdot.tree"
T    199635  5921072  1600703589   974709157  1600703589   974709157 "obj_dir/Vtop_031_begin.tree"
T    367151  5921078  1600703589   982709158  1600703589   982709158 "obj_dir/Vtop_032_tristate.tree"
T    366112  5921079  1600703589   990709160  1600703589   990709160 "obj_dir/Vtop_033_unknown.tree"
T   1272829  5921080  1600703590    22709166  1600703590    22709166 "obj_dir/Vtop_034_inline.tree"
T   1271522  5921081  1600703590    46709171  1600703590    46709171 "obj_dir/Vtop_035_prelinkdot.tree"
T   1333233  5921082  1600703590    82709179  1600703590    82709179 "obj_dir/Vtop_036_prelinkdot-find.tree"
T   1271522  5921083  1600703590   106709184  1600703590   106709184 "obj_dir/Vtop_037_linkdot.tree"
T   1246706  5921084  1600703590   134709190  1600703590   134709190 "obj_dir/Vtop_038_const.tree"
T   1242813  5921085  1600703590   158709195  1600703590   158709195 "obj_dir/Vtop_039_deadDtypes.tree"
T   1242813  5921086  1600703590   186709201  1600703590   186709201 "obj_dir/Vtop_040_inst.tree"
T   1242813  5921087  1600703590   214709206  1600703590   214709206 "obj_dir/Vtop_041_const.tree"
T   1901662  5921088  1600703590   250709214  1600703590   250709214 "obj_dir/Vtop_042_scope.tree"
T   1897599  5921089  1600703590   286709222  1600703590   286709222 "obj_dir/Vtop_043_prelinkdot.tree"
T   1900108  5921090  1600703590   322709230  1600703590   322709230 "obj_dir/Vtop_044_prelinkdot-find.tree"
T   1972162  5921091  1600703590   358709238  1600703590   358709238 "obj_dir/Vtop_045_prelinkdot-scoped.tree"
T   1879763  5921092  1600703590   394709244  1600703590   394709244 "obj_dir/Vtop_046_linkdot.tree"
T   1879763  5921093  1600703590   434709253  1600703590   434709253 "obj_dir/Vtop_047_class.tree"
T   1879763  5921094  1600703590   474709263  1600703590   474709263 "obj_dir/Vtop_048_const.tree"
T   1879763  5921095  1600703590   510709269  1600703590   510709269 "obj_dir/Vtop_049_deadDtypesScoped.tree"
T   1879763  5921096  1600703590   550709278  1600703590   550709278 "obj_dir/Vtop_050_case.tree"
T       178  5921097  1600703590   550709278  1600703590   550709278 "obj_dir/Vtop_051_task_call.dot"
T   1879763  5921098  1600703590   586709285  1600703590   586709285 "obj_dir/Vtop_052_task.tree"
T   1884934  5921099  1600703590   622709292  1600703590   622709292 "obj_dir/Vtop_053_name.tree"
T   1884934  5921100  1600703590   658709300  1600703590   658709300 "obj_dir/Vtop_054_unroll.tree"
T   1884934  5921101  1600703590   694709308  1600703590   694709308 "obj_dir/Vtop_055_slice.tree"
T   1884934  5921102  1600703590   730709316  1600703590   730709316 "obj_dir/Vtop_056_const.tree"
T   1884934  5921103  1600703590   766709324  1600703590   766709324 "obj_dir/Vtop_057_life.tree"
T   1884934  5921104  1600703590   802709330  1600703590   802709330 "obj_dir/Vtop_058_table.tree"
T   1884934  5921105  1600703590   838709338  1600703590   838709338 "obj_dir/Vtop_059_const.tree"
T   1884934  5921106  1600703590   874709346  1600703590   874709346 "obj_dir/Vtop_060_deadDtypesScoped.tree"
T   1873922  5921107  1600703590   910709354  1600703590   910709354 "obj_dir/Vtop_061_active.tree"
T   1873028  5921108  1600703590   946709361  1600703590   946709361 "obj_dir/Vtop_062_split.tree"
T   1873028  5921109  1600703590   982709368  1600703590   982709368 "obj_dir/Vtop_063_splitas.tree"
T   2236692  5921110  1600703591    22709377  1600703591    22709377 "obj_dir/Vtop_064_tracedecl.tree"
T    368523  5921111  1600703591    30709378  1600703591    30709378 "obj_dir/Vtop_065_gate_simp.dot"
T    340164  5921112  1600703591    38709380  1600703591    38709380 "obj_dir/Vtop_066_gate_opt.dot"
T   1681764  5921113  1600703591    78709389  1600703591    78709389 "obj_dir/Vtop_067_gate.tree"
T   1680170  5921114  1600703591   114709397  1600703591   114709397 "obj_dir/Vtop_068_const.tree"
T   1352731  5921115  1600703591   146709404  1600703591   146709404 "obj_dir/Vtop_069_deadAllScoped.tree"
T   1352731  5921116  1600703591   178709409  1600703591   178709409 "obj_dir/Vtop_070_reorder.tree"
T   1540355  5921117  1600703591   214709417  1600703591   214709417 "obj_dir/Vtop_071_delayed.tree"
T   2247695  5921118  1600703591   266709428  1600703591   266709428 "obj_dir/Vtop_072_activetop.tree"
T    313318  5921119  1600703591   274709430  1600703591   274709430 "obj_dir/Vtop_073_orderg_pre.dot"
T    313319  5921120  1600703591   278709431  1600703591   278709431 "obj_dir/Vtop_074_orderg_acyc.dot"
T    322889  5921121  1600703591   282709432  1600703591   282709432 "obj_dir/Vtop_075_orderg_order.dot"
T    322890  5921122  1600703591   286709433  1600703591   286709433 "obj_dir/Vtop_076_orderg_domain.dot"
T    322888  5921123  1600703591   294709434  1600703591   294709434 "obj_dir/Vtop_077_orderg_done.dot"
T   2248389  5921124  1600703591   342709445  1600703591   342709445 "obj_dir/Vtop_078_order.tree"
T   2247864  5921125  1600703591   394709455  1600703591   394709455 "obj_dir/Vtop_079_genclk.tree"
T   2227197  5921126  1600703591   446709466  1600703591   446709466 "obj_dir/Vtop_080_clock.tree"
T   2226782  5921127  1600703591   498709477  1600703591   498709477 "obj_dir/Vtop_081_const.tree"
T   2226782  5921128  1600703591   550709489  1600703591   550709489 "obj_dir/Vtop_082_life.tree"
T   2152218  5921129  1600703591   598709498  1600703591   598709498 "obj_dir/Vtop_083_life_post.tree"
T   2081216  5921130  1600703591   650709509  1600703591   650709509 "obj_dir/Vtop_084_const.tree"
T   2047096  5921131  1600703591   698709520  1600703591   698709520 "obj_dir/Vtop_085_deadAllScoped.tree"
T   2047515  5921132  1600703591   746709529  1600703591   746709529 "obj_dir/Vtop_086_changed.tree"
T   2387149  5921133  1600703591   802709541  1600703591   802709541 "obj_dir/Vtop_087_trace.tree"
T   1890599  5921134  1600703591   854709552  1600703591   854709552 "obj_dir/Vtop_088_descope.tree"
T   1890574  5921135  1600703591   902709563  1600703591   902709563 "obj_dir/Vtop_089_localize.tree"
T   1890574  5921136  1600703591   950709572  1600703591   950709572 "obj_dir/Vtop_090_combine.tree"
T   1887664  5921137  1600703592    10709585  1600703592    10709585 "obj_dir/Vtop_091_const.tree"
T   1887581  5921138  1600703592    66709597  1600703592    66709597 "obj_dir/Vtop_092_deadAll.tree"
T   2190560  5921139  1600703592   134709612  1600703592   134709612 "obj_dir/Vtop_093_clean.tree"
T   2254497  5921140  1600703592   198709624  1600703592   198709624 "obj_dir/Vtop_094_premit.tree"
T  18830447  5921141  1600703592   722709735  1600703592   722709735 "obj_dir/Vtop_095_expand.tree"
T  11918844  5921142  1600703593    74709809  1600703593    74709809 "obj_dir/Vtop_096_const_cpp.tree"
T  11388462  5921143  1600703593   390709875  1600703593   390709875 "obj_dir/Vtop_097_subst.tree"
T  11387822  5921144  1600703593   694709940  1600703593   694709940 "obj_dir/Vtop_098_const_cpp.tree"
T  11373205  5921145  1600703594     6710005  1600703594     6710005 "obj_dir/Vtop_099_deadAll.tree"
T  11474302  5921146  1600703594   318710070  1600703594   318710070 "obj_dir/Vtop_100_merge_cond.tree"
T  11473020  5921147  1600703594   638710138  1600703594   638710138 "obj_dir/Vtop_101_reloop.tree"
T  11473020  5921148  1600703594   938710202  1600703594   938710202 "obj_dir/Vtop_102_depth.tree"
T  12467024  5921149  1600703595   270710271  1600703595   270710271 "obj_dir/Vtop_103_cast.tree"
T  12503564  5921150  1600703595   602710340  1600703595   602710340 "obj_dir/Vtop_104_cuse.tree"
T  12503976  5921162  1600703595   998710424  1600703595   998710424 "obj_dir/Vtop_990_final.tree"
T      1605  5921159  1600703595   678710357  1600703595   678710357 "obj_dir/Vtop__1.cpp"
T     15773  5921157  1600703595   654710352  1600703595   654710352 "obj_dir/Vtop__1__Slow.cpp"
T   1211343  5921156  1600703595   654710352  1600703595   654710352 "obj_dir/Vtop__Slow.cpp"
T       579  5921151  1600703595   626710346  1600703595   626710346 "obj_dir/Vtop__Syms.cpp"
T       935  5921152  1600703595   626710346  1600703595   626710346 "obj_dir/Vtop__Syms.h"
T    218733  5921154  1600703595   634710347  1600703595   634710347 "obj_dir/Vtop__Trace.cpp"
T    272261  5921153  1600703595   630710346  1600703595   630710346 "obj_dir/Vtop__Trace__Slow.cpp"
T      3584  5921163  1600703596    10710426  1600703596    10710426 "obj_dir/Vtop__ver.d"
T         0        0  1600703596    10710426  1600703596    10710426 "obj_dir/Vtop__verFiles.dat"
T      1585  5921160  1600703595   678710357  1600703595   678710357 "obj_dir/Vtop_classes.mk"
S      1184  5514810  1600528955   584762458  1600528955   584762458 "top.sv"
