# DESCRIPTION: Verilator output: Timestamp data for --skip-identical.  Delete at will.
C "-O3 --unroll-count 128 --trace --trace-max-array 128 -Wall -Wno-WIDTH -Wno-UNUSED -Wno-BLKSEQ -Wno-fatal --Wno-lint --cc --autoflush --dump-treei 9 --exe top.sv sim_top.cpp"
S   9544488  3281016  1600525442   857735308  1600525442   857735308 "/home/james/verilator/bin/verilator_bin"
T   1317643  5514711  1600821133   208737848  1600821133   208737848 "obj_dir/Vtop.cpp"
T     18275  5514708  1600821133   168737839  1600821133   168737839 "obj_dir/Vtop.h"
T      1766  5514715  1600821133   208737848  1600821133   208737848 "obj_dir/Vtop.mk"
T       281  5513444  1600821127   356736473  1600821127   356736473 "obj_dir/Vtop_001_linkcells.dot"
T     17754  5513462  1600821127   356736473  1600821127   356736473 "obj_dir/Vtop_002_cells.tree"
T     17439  5513463  1600821127   360736474  1600821127   360736474 "obj_dir/Vtop_003_linkparse.tree"
T     17435  5513915  1600821127   360736474  1600821127   360736474 "obj_dir/Vtop_004_prelinkdot.tree"
T     17948  5513954  1600821127   360736474  1600821127   360736474 "obj_dir/Vtop_005_prelinkdot-find.tree"
T     17505  5514223  1600821127   360736474  1600821127   360736474 "obj_dir/Vtop_006_prelinkdot-param.tree"
T     19578  5514224  1600821127   360736474  1600821127   360736474 "obj_dir/Vtop_007_linkdot.tree"
T     22858  5514225  1600821127   364736475  1600821127   364736475 "obj_dir/Vtop_008_linkresolve.tree"
T     22835  5514226  1600821127   364736475  1600821127   364736475 "obj_dir/Vtop_009_linklvalue.tree"
T     22835  5514227  1600821127   364736475  1600821127   364736475 "obj_dir/Vtop_010_link.tree"
T     22835  5514228  1600821127   368736476  1600821127   368736476 "obj_dir/Vtop_011_linkInc.tree"
T    213630  5514229  1600821127   376736478  1600821127   376736478 "obj_dir/Vtop_012_param.tree"
T    213214  5514231  1600821127   380736479  1600821127   380736479 "obj_dir/Vtop_013_prelinkdot.tree"
T    233224  5514245  1600821127   388736481  1600821127   388736481 "obj_dir/Vtop_014_prelinkdot-find.tree"
T    233224  5514246  1600821127   396736482  1600821127   396736482 "obj_dir/Vtop_015_prelinkdot-param.tree"
T    213214  5514247  1600821127   400736483  1600821127   400736483 "obj_dir/Vtop_016_paramlink.tree"
T    213379  5514308  1600821127   408736485  1600821127   408736485 "obj_dir/Vtop_017_deadModules.tree"
T    319698  5514309  1600821127   416736487  1600821127   416736487 "obj_dir/Vtop_018_width.tree"
T    313373  5514313  1600821127   428736490  1600821127   428736490 "obj_dir/Vtop_019_widthcommit.tree"
T    196997  5514443  1600821127   432736491  1600821127   432736491 "obj_dir/Vtop_020_const.tree"
T    196796  5514568  1600821127   436736492  1600821127   436736492 "obj_dir/Vtop_021_assertpre.tree"
T    196796  5514569  1600821127   444736494  1600821127   444736494 "obj_dir/Vtop_022_assert.tree"
T    199331  5514573  1600821127   448736495  1600821127   448736495 "obj_dir/Vtop_023_wraptop.tree"
T    198981  5514576  1600821127   452736496  1600821127   452736496 "obj_dir/Vtop_024_const.tree"
T    198972  5514577  1600821127   460736498  1600821127   460736498 "obj_dir/Vtop_025_split_var.tree"
T    198972  5514578  1600821127   464736499  1600821127   464736499 "obj_dir/Vtop_026_split_var.tree"
T    198972  5514583  1600821127   472736501  1600821127   472736501 "obj_dir/Vtop_027_dearray.tree"
T    198972  5514585  1600821127   476736502  1600821127   476736502 "obj_dir/Vtop_028_prelinkdot.tree"
T    215702  5514587  1600821127   480736503  1600821127   480736503 "obj_dir/Vtop_029_prelinkdot-find.tree"
T    198972  5514590  1600821127   488736504  1600821127   488736504 "obj_dir/Vtop_030_linkdot.tree"
T    199635  5514591  1600821127   492736505  1600821127   492736505 "obj_dir/Vtop_031_begin.tree"
T    367151  5514593  1600821127   500736506  1600821127   500736506 "obj_dir/Vtop_032_tristate.tree"
T    366112  5514595  1600821127   508736508  1600821127   508736508 "obj_dir/Vtop_033_unknown.tree"
T   1272829  5514598  1600821127   540736516  1600821127   540736516 "obj_dir/Vtop_034_inline.tree"
T   1271522  5514599  1600821127   568736523  1600821127   568736523 "obj_dir/Vtop_035_prelinkdot.tree"
T   1333233  5514600  1600821127   600736530  1600821127   600736530 "obj_dir/Vtop_036_prelinkdot-find.tree"
T   1271522  5514601  1600821127   624736536  1600821127   624736536 "obj_dir/Vtop_037_linkdot.tree"
T   1246706  5514602  1600821127   652736542  1600821127   652736542 "obj_dir/Vtop_038_const.tree"
T   1242813  5514603  1600821127   680736549  1600821127   680736549 "obj_dir/Vtop_039_deadDtypes.tree"
T   1242813  5514604  1600821127   708736555  1600821127   708736555 "obj_dir/Vtop_040_inst.tree"
T   1242813  5514606  1600821127   732736561  1600821127   732736561 "obj_dir/Vtop_041_const.tree"
T   1901662  5514607  1600821127   776736571  1600821127   776736571 "obj_dir/Vtop_042_scope.tree"
T   1897599  5514608  1600821127   816736580  1600821127   816736580 "obj_dir/Vtop_043_prelinkdot.tree"
T   1900108  5514609  1600821127   856736590  1600821127   856736590 "obj_dir/Vtop_044_prelinkdot-find.tree"
T   1972162  5514610  1600821127   900736600  1600821127   900736600 "obj_dir/Vtop_045_prelinkdot-scoped.tree"
T   1879763  5514611  1600821127   944736610  1600821127   944736610 "obj_dir/Vtop_046_linkdot.tree"
T   1879763  5514612  1600821127   980736618  1600821127   980736618 "obj_dir/Vtop_047_class.tree"
T   1879763  5514613  1600821128    16736627  1600821128    16736627 "obj_dir/Vtop_048_const.tree"
T   1879763  5514614  1600821128    52736636  1600821128    52736636 "obj_dir/Vtop_049_deadDtypesScoped.tree"
T   1879763  5514615  1600821128    88736644  1600821128    88736644 "obj_dir/Vtop_050_case.tree"
T       178  5514616  1600821128    88736644  1600821128    88736644 "obj_dir/Vtop_051_task_call.dot"
T   1879763  5514617  1600821128   124736652  1600821128   124736652 "obj_dir/Vtop_052_task.tree"
T   1884934  5514618  1600821128   160736660  1600821128   160736660 "obj_dir/Vtop_053_name.tree"
T   1884934  5514619  1600821128   196736669  1600821128   196736669 "obj_dir/Vtop_054_unroll.tree"
T   1884934  5514620  1600821128   232736678  1600821128   232736678 "obj_dir/Vtop_055_slice.tree"
T   1884934  5514621  1600821128   268736686  1600821128   268736686 "obj_dir/Vtop_056_const.tree"
T   1884934  5514622  1600821128   308736695  1600821128   308736695 "obj_dir/Vtop_057_life.tree"
T   1884934  5514623  1600821128   344736704  1600821128   344736704 "obj_dir/Vtop_058_table.tree"
T   1884934  5514624  1600821128   380736712  1600821128   380736712 "obj_dir/Vtop_059_const.tree"
T   1884934  5514626  1600821128   416736721  1600821128   416736721 "obj_dir/Vtop_060_deadDtypesScoped.tree"
T   1873922  5514627  1600821128   452736729  1600821128   452736729 "obj_dir/Vtop_061_active.tree"
T   1873028  5514628  1600821128   488736737  1600821128   488736737 "obj_dir/Vtop_062_split.tree"
T   1873028  5514629  1600821128   520736745  1600821128   520736745 "obj_dir/Vtop_063_splitas.tree"
T   2236692  5514630  1600821128   564736755  1600821128   564736755 "obj_dir/Vtop_064_tracedecl.tree"
T    368523  5514631  1600821128   568736756  1600821128   568736756 "obj_dir/Vtop_065_gate_simp.dot"
T    340164  5514632  1600821128   576736758  1600821128   576736758 "obj_dir/Vtop_066_gate_opt.dot"
T   1681764  5514633  1600821128   612736767  1600821128   612736767 "obj_dir/Vtop_067_gate.tree"
T   1680170  5514634  1600821128   652736775  1600821128   652736775 "obj_dir/Vtop_068_const.tree"
T   1352731  5514635  1600821128   684736783  1600821128   684736783 "obj_dir/Vtop_069_deadAllScoped.tree"
T   1352731  5514636  1600821128   716736791  1600821128   716736791 "obj_dir/Vtop_070_reorder.tree"
T   1540355  5514637  1600821128   752736799  1600821128   752736799 "obj_dir/Vtop_071_delayed.tree"
T   2247695  5514638  1600821128   804736812  1600821128   804736812 "obj_dir/Vtop_072_activetop.tree"
T    313318  5514641  1600821128   808736813  1600821128   808736813 "obj_dir/Vtop_073_orderg_pre.dot"
T    313319  5514642  1600821128   816736814  1600821128   816736814 "obj_dir/Vtop_074_orderg_acyc.dot"
T    322889  5514643  1600821128   820736815  1600821128   820736815 "obj_dir/Vtop_075_orderg_order.dot"
T    322890  5514645  1600821128   824736815  1600821128   824736815 "obj_dir/Vtop_076_orderg_domain.dot"
T    322888  5514648  1600821128   832736817  1600821128   832736817 "obj_dir/Vtop_077_orderg_done.dot"
T   2248389  5514654  1600821128   880736829  1600821128   880736829 "obj_dir/Vtop_078_order.tree"
T   2247864  5514655  1600821128   936736842  1600821128   936736842 "obj_dir/Vtop_079_genclk.tree"
T   2227197  5514658  1600821128   984736854  1600821128   984736854 "obj_dir/Vtop_080_clock.tree"
T   2226782  5514659  1600821129    40736866  1600821129    40736866 "obj_dir/Vtop_081_const.tree"
T   2226782  5514660  1600821129    92736879  1600821129    92736879 "obj_dir/Vtop_082_life.tree"
T   2152218  5514661  1600821129   140736890  1600821129   140736890 "obj_dir/Vtop_083_life_post.tree"
T   2081216  5514662  1600821129   188736902  1600821129   188736902 "obj_dir/Vtop_084_const.tree"
T   2047096  5514663  1600821129   236736912  1600821129   236736912 "obj_dir/Vtop_085_deadAllScoped.tree"
T   2047515  5514664  1600821129   284736923  1600821129   284736923 "obj_dir/Vtop_086_changed.tree"
T   2387149  5514665  1600821129   344736938  1600821129   344736938 "obj_dir/Vtop_087_trace.tree"
T   1890599  5514666  1600821129   396736949  1600821129   396736949 "obj_dir/Vtop_088_descope.tree"
T   1890574  5514667  1600821129   444736961  1600821129   444736961 "obj_dir/Vtop_089_localize.tree"
T   1890574  5514669  1600821129   496736973  1600821129   496736973 "obj_dir/Vtop_090_combine.tree"
T   1887664  5514671  1600821129   544736985  1600821129   544736985 "obj_dir/Vtop_091_const.tree"
T   1887581  5514673  1600821129   592736996  1600821129   592736996 "obj_dir/Vtop_092_deadAll.tree"
T   2190560  5514675  1600821129   652737010  1600821129   652737010 "obj_dir/Vtop_093_clean.tree"
T   2254497  5514677  1600821129   712737024  1600821129   712737024 "obj_dir/Vtop_094_premit.tree"
T  18830447  5514679  1600821130   248737150  1600821130   248737150 "obj_dir/Vtop_095_expand.tree"
T  11918844  5514681  1600821130   592737230  1600821130   592737230 "obj_dir/Vtop_096_const_cpp.tree"
T  11388462  5514683  1600821130   904737304  1600821130   904737304 "obj_dir/Vtop_097_subst.tree"
T  11387822  5514685  1600821131   204737375  1600821131   204737375 "obj_dir/Vtop_098_const_cpp.tree"
T  11373205  5514686  1600821131   520737449  1600821131   520737449 "obj_dir/Vtop_099_deadAll.tree"
T  11474302  5514687  1600821131   816737519  1600821131   816737519 "obj_dir/Vtop_100_merge_cond.tree"
T  11473020  5514688  1600821132   128737592  1600821132   128737592 "obj_dir/Vtop_101_reloop.tree"
T  11473020  5514693  1600821132   440737666  1600821132   440737666 "obj_dir/Vtop_102_depth.tree"
T  12467024  5514695  1600821132   796737751  1600821132   796737751 "obj_dir/Vtop_103_cast.tree"
T  12503564  5514696  1600821133   132737830  1600821133   132737830 "obj_dir/Vtop_104_cuse.tree"
T  12503976  5514716  1600821133   528737924  1600821133   528737924 "obj_dir/Vtop_990_final.tree"
T      1605  5514712  1600821133   208737848  1600821133   208737848 "obj_dir/Vtop__1.cpp"
T     15773  5514710  1600821133   188737843  1600821133   188737843 "obj_dir/Vtop__1__Slow.cpp"
T   1211343  5514709  1600821133   188737843  1600821133   188737843 "obj_dir/Vtop__Slow.cpp"
T       579  5514699  1600821133   156737836  1600821133   156737836 "obj_dir/Vtop__Syms.cpp"
T       935  5514703  1600821133   156737836  1600821133   156737836 "obj_dir/Vtop__Syms.h"
T    218733  5514707  1600821133   168737839  1600821133   168737839 "obj_dir/Vtop__Trace.cpp"
T    272261  5514706  1600821133   164737838  1600821133   164737838 "obj_dir/Vtop__Trace__Slow.cpp"
T      3584  5514718  1600821133   540737926  1600821133   540737926 "obj_dir/Vtop__ver.d"
T         0        0  1600821133   540737926  1600821133   540737926 "obj_dir/Vtop__verFiles.dat"
T      1585  5514714  1600821133   208737848  1600821133   208737848 "obj_dir/Vtop_classes.mk"
S      1184  5514810  1600528955   584762458  1600528955   584762458 "top.sv"
